0 0.139286 0.138102 0.215714 0.213881
0 0.380000 0.137394 0.220000 0.212465
0 0.620714 0.138810 0.221429 0.215297
0 0.855714 0.138102 0.200000 0.194051
0 0.137143 0.376771 0.217143 0.215297
0 0.380000 0.379603 0.222857 0.218130
0 0.631429 0.332153 0.154286 0.117564
0 0.837857 0.331445 0.190000 0.101983
0 0.157143 0.621105 0.225714 0.222380
0 0.397857 0.621105 0.227143 0.225212
0 0.628571 0.621813 0.200000 0.195467
0 0.857143 0.608357 0.202857 0.199717
0 0.151429 0.861898 0.214286 0.211048
0 0.392143 0.864023 0.218571 0.215297
0 0.628571 0.860482 0.208571 0.208215
0 0.864286 0.840652 0.220000 0.216714
