0 0.758333 0.843125 0.086667 0.126250
0 0.666667 0.814375 0.093333 0.133750
0 0.741250 0.721875 0.082500 0.111250
0 0.619167 0.648125 0.096667 0.131250
0 0.732500 0.561250 0.110000 0.140000
0 0.675000 0.648750 0.078333 0.115000
0 0.580000 0.738125 0.095000 0.136250
0 0.442500 0.706250 0.083333 0.107500
0 0.501250 0.617500 0.094167 0.120000
0 0.572500 0.531250 0.095000 0.120000
0 0.641667 0.523125 0.066667 0.101250
0 0.661667 0.448125 0.081667 0.103750
0 0.572917 0.420625 0.089167 0.096250
0 0.523750 0.481875 0.085833 0.093750
0 0.495833 0.373750 0.090000 0.122500
0 0.412083 0.355000 0.095833 0.102500
0 0.387917 0.460000 0.077500 0.087500
0 0.365000 0.549375 0.083333 0.101250
0 0.437500 0.528750 0.066667 0.090000
0 0.387083 0.621875 0.095833 0.126250
0 0.647917 0.401250 0.069167 0.060000
0 0.560000 0.628125 0.033333 0.088750
0 0.485833 0.684375 0.110000 0.146250
0 0.494167 0.513125 0.063333 0.093750
