0 0.091559 0.142704 0.157368 0.233906
0 0.251073 0.140558 0.153076 0.229614
0 0.412732 0.140558 0.153076 0.225322
0 0.570100 0.139485 0.153076 0.227468
0 0.733190 0.138412 0.153076 0.225322
0 0.905579 0.140558 0.154506 0.225322
0 0.092275 0.376609 0.153076 0.229614
0 0.253219 0.377682 0.151645 0.227468
0 0.412017 0.376609 0.154506 0.229614
0 0.570100 0.378755 0.153076 0.225322
0 0.732475 0.378755 0.154506 0.225322
0 0.906295 0.378755 0.155937 0.229614
0 0.090844 0.615880 0.155937 0.231760
0 0.250358 0.616953 0.154506 0.229614
0 0.412732 0.616953 0.153076 0.229614
0 0.569385 0.614807 0.154506 0.225322
0 0.733190 0.616953 0.153076 0.229614
0 0.906295 0.616953 0.155937 0.229614
0 0.091559 0.850858 0.151645 0.229614
0 0.252504 0.850858 0.153076 0.225322
0 0.413448 0.853004 0.151645 0.225322
0 0.570815 0.850858 0.154506 0.229614
0 0.732475 0.850858 0.151645 0.225322
0 0.907725 0.853004 0.153076 0.229614
