0 0.096774 0.200544 0.116129 0.157895
0 0.217419 0.080762 0.101935 0.136116
0 0.352903 0.298548 0.238710 0.328494
0 0.521935 0.153358 0.132903 0.176044
0 0.384516 0.058076 0.175484 0.112523
0 0.125161 0.021779 0.123871 0.039927
0 0.016129 0.096189 0.029677 0.188748
0 0.605161 0.041742 0.160000 0.079855
0 0.812258 0.026316 0.163871 0.049002
0 0.983871 0.146098 0.032258 0.219601
0 0.794194 0.153358 0.114839 0.161525
0 0.656774 0.210526 0.110968 0.156080
0 0.623871 0.378403 0.120000 0.165154
0 0.754839 0.382940 0.131613 0.188748
0 0.907742 0.387477 0.150968 0.208711
0 0.696774 0.565336 0.144516 0.201452
0 0.937419 0.572595 0.114839 0.161525
0 0.512258 0.519964 0.113548 0.150635
0 0.102581 0.446461 0.158710 0.225045
0 0.054194 0.887477 0.105806 0.225045
0 0.197419 0.873866 0.175484 0.252269
0 0.385806 0.776770 0.172903 0.246824
0 0.626452 0.792196 0.132903 0.186933
0 0.900645 0.776770 0.100645 0.134301
0 0.852903 0.935572 0.196129 0.128857
0 0.404516 0.589837 0.073548 0.098004
0 0.625161 0.960073 0.153548 0.079855
0 0.011613 0.361162 0.020645 0.105263
0 0.046452 0.646098 0.090323 0.163339
0 0.171613 0.676951 0.090323 0.127042
0 0.272903 0.568966 0.143226 0.194192
0 0.528387 0.669691 0.099355 0.123412
0 0.356129 0.967332 0.113548 0.065336
0 0.507742 0.927405 0.068387 0.094374
0 0.518065 0.360254 0.063226 0.085299
0 0.992903 0.468240 0.014194 0.087114
