0 0.100143 0.145923 0.151645 0.218884
0 0.419170 0.620172 0.148784 0.223176
0 0.261087 0.150215 0.147353 0.218884
0 0.420601 0.145923 0.148784 0.223176
0 0.580830 0.145923 0.148784 0.223176
0 0.739628 0.148069 0.148784 0.223176
0 0.901288 0.148069 0.148784 0.223176
0 0.097282 0.384120 0.151645 0.218884
0 0.258941 0.384120 0.151645 0.218884
0 0.420601 0.384120 0.151645 0.218884
0 0.582260 0.384120 0.151645 0.218884
0 0.741059 0.384120 0.151645 0.218884
0 0.905579 0.381974 0.151645 0.218884
0 0.100858 0.622318 0.153076 0.218884
0 0.260372 0.622318 0.151645 0.218884
0 0.579399 0.622318 0.151645 0.218884
0 0.742489 0.624464 0.151645 0.218884
0 0.901288 0.620172 0.151645 0.218884
0 0.097997 0.862661 0.153076 0.218884
0 0.260372 0.862661 0.151645 0.218884
0 0.420601 0.862661 0.151645 0.218884
0 0.579399 0.862661 0.151645 0.218884
0 0.741059 0.862661 0.151645 0.218884
0 0.901288 0.862661 0.151645 0.218884
