0 0.145361 0.140000 0.255670 0.264865
0 0.394330 0.160541 0.236082 0.245405
0 0.623196 0.170811 0.227835 0.237838
0 0.865979 0.174054 0.239175 0.259459
0 0.206186 0.372973 0.208247 0.216216
0 0.402577 0.385405 0.180412 0.189189
0 0.604639 0.386486 0.176289 0.180541
0 0.784021 0.378919 0.159794 0.167568
0 0.138660 0.638378 0.256701 0.269189
0 0.386082 0.657297 0.229897 0.240000
0 0.625773 0.656216 0.230928 0.252973
0 0.872680 0.665405 0.242268 0.254054
0 0.192268 0.880000 0.207216 0.218378
0 0.405670 0.883784 0.184536 0.200000
0 0.606186 0.873514 0.173196 0.179459
0 0.792268 0.871351 0.159794 0.168649
