0 0.157422 0.792708 0.124219 0.154167
0 0.313281 0.796875 0.121875 0.156250
0 0.462109 0.765625 0.094531 0.125000
0 0.611328 0.775000 0.119531 0.156250
0 0.770312 0.751563 0.107813 0.140625
0 0.892188 0.666667 0.085938 0.118750
0 0.810547 0.561458 0.099219 0.127083
0 0.685937 0.605729 0.128125 0.163542
0 0.548047 0.610417 0.117969 0.154167
0 0.373047 0.627083 0.117969 0.150000
0 0.211719 0.615625 0.131250 0.164583
0 0.067969 0.624479 0.109375 0.138542
0 0.060937 0.461979 0.104688 0.136458
0 0.178906 0.442708 0.090625 0.118750
0 0.306250 0.451562 0.114062 0.151042
0 0.456250 0.458854 0.129688 0.169792
0 0.609766 0.448437 0.111719 0.148958
0 0.733594 0.440104 0.100000 0.130208
0 0.900000 0.435417 0.115625 0.150000
0 0.835547 0.289583 0.099219 0.135417
0 0.674219 0.285417 0.120313 0.158333
0 0.533203 0.296354 0.103906 0.138542
0 0.377344 0.291667 0.125000 0.162500
0 0.221484 0.278646 0.124219 0.161458
0 0.291797 0.116146 0.127344 0.171875
0 0.465625 0.129167 0.135937 0.181250
0 0.604688 0.122917 0.131250 0.177083
0 0.762109 0.138021 0.110156 0.144792
