0 0.076442 0.773077 0.150962 0.376923
0 0.237500 0.832051 0.176923 0.241026
0 0.450000 0.822436 0.246154 0.344872
0 0.882692 0.675641 0.198077 0.284615
0 0.957212 0.428205 0.085577 0.241026
0 0.583654 0.517949 0.284615 0.374359
0 0.296635 0.525000 0.289423 0.378205
0 0.247115 0.223077 0.217308 0.256410
0 0.436058 0.276923 0.170192 0.212821
0 0.811538 0.253846 0.194231 0.241026
0 0.571154 0.161538 0.153846 0.187179
0 0.385577 0.075641 0.138462 0.148718
0 0.239904 0.051923 0.152885 0.101282
0 0.635096 0.042308 0.174038 0.082051
0 0.969712 0.053846 0.060577 0.105128
