0 0.132184 0.371429 0.241379 0.240000
0 0.377874 0.612857 0.244253 0.242857
0 0.620690 0.364286 0.235632 0.231429
0 0.632184 0.865714 0.252874 0.251429
0 0.870690 0.611429 0.241379 0.240000
0 0.126437 0.121429 0.235632 0.237143
0 0.372126 0.122857 0.238506 0.240000
0 0.619253 0.121429 0.238506 0.237143
0 0.862069 0.125714 0.247126 0.240000
0 0.862069 0.367143 0.247126 0.242857
0 0.622126 0.612857 0.244253 0.254286
0 0.129310 0.612857 0.247126 0.242857
0 0.375000 0.861429 0.255747 0.248571
0 0.375000 0.365714 0.232759 0.228571
