0 0.172500 0.171501 0.315000 0.340479
0 0.445625 0.127364 0.238750 0.237074
0 0.676875 0.122951 0.221250 0.218159
0 0.895000 0.117907 0.210000 0.210593
0 0.891250 0.331021 0.202500 0.210593
0 0.698125 0.334174 0.183750 0.196721
0 0.513125 0.326608 0.171250 0.184111
0 0.342500 0.361917 0.167500 0.179067
0 0.194375 0.418663 0.168750 0.161412
0 0.166250 0.677175 0.330000 0.335435
0 0.445625 0.616646 0.238750 0.226986
0 0.676875 0.612232 0.223750 0.220681
0 0.890625 0.609710 0.206250 0.213115
0 0.890625 0.821564 0.198750 0.203026
0 0.698750 0.826608 0.190000 0.195460
0 0.510000 0.822194 0.175000 0.179067
0 0.342500 0.860025 0.175000 0.171501
0 0.191875 0.922446 0.156250 0.155107
