0 0.167500 0.168979 0.332500 0.335435
0 0.441875 0.138714 0.233750 0.242119
0 0.671250 0.131778 0.222500 0.228247
0 0.888750 0.132409 0.212500 0.204288
0 0.878750 0.348045 0.197500 0.209332
0 0.688750 0.356242 0.190000 0.205549
0 0.507500 0.369483 0.175000 0.176545
0 0.331875 0.374527 0.173750 0.176545
0 0.172500 0.420555 0.160000 0.147541
0 0.168125 0.660151 0.333750 0.324086
0 0.448750 0.618537 0.240000 0.230769
0 0.670625 0.626103 0.218750 0.223203
0 0.888750 0.634300 0.212500 0.214376
0 0.886250 0.841740 0.202500 0.205549
0 0.693125 0.842371 0.201250 0.199243
0 0.500625 0.848676 0.176250 0.179067
0 0.335000 0.860025 0.165000 0.176545
0 0.177500 0.912989 0.155000 0.161412
