0 0.062963 0.061111 0.118519 0.114815
0 0.181481 0.062963 0.125926 0.118519
0 0.303704 0.062963 0.125926 0.118519
0 0.429630 0.062963 0.125926 0.118519
0 0.551852 0.062963 0.125926 0.118519
0 0.677778 0.061111 0.125926 0.114815
0 0.801852 0.062963 0.129630 0.118519
0 0.929630 0.062963 0.125926 0.118519
0 0.062963 0.177778 0.118519 0.125926
0 0.181481 0.181481 0.125926 0.125926
0 0.307407 0.185185 0.118519 0.118519
0 0.429630 0.181481 0.118519 0.118519
0 0.551852 0.181481 0.118519 0.118519
0 0.674074 0.181481 0.125926 0.125926
0 0.798148 0.181481 0.129630 0.125926
0 0.925926 0.185185 0.118519 0.118519
0 0.062963 0.303704 0.118519 0.125926
0 0.181481 0.305556 0.125926 0.122222
0 0.307407 0.307407 0.125926 0.125926
0 0.429630 0.303704 0.125926 0.125926
0 0.555556 0.303704 0.125926 0.125926
0 0.677778 0.303704 0.118519 0.118519
0 0.800000 0.307407 0.118519 0.118519
0 0.925926 0.305556 0.125926 0.122222
0 0.061111 0.427778 0.114815 0.114815
0 0.181481 0.429630 0.118519 0.118519
0 0.303704 0.427778 0.125926 0.122222
0 0.429630 0.429630 0.125926 0.125926
0 0.557407 0.429630 0.129630 0.125926
0 0.685185 0.429630 0.125926 0.125926
0 0.807407 0.429630 0.125926 0.125926
0 0.929630 0.433333 0.118519 0.118519
0 0.061111 0.551852 0.114815 0.118519
0 0.185185 0.551852 0.118519 0.118519
0 0.307407 0.551852 0.125926 0.125926
0 0.431481 0.551852 0.122222 0.125926
0 0.555556 0.553704 0.125926 0.122222
0 0.681481 0.553704 0.125926 0.122222
0 0.807407 0.553704 0.125926 0.122222
0 0.933333 0.555556 0.125926 0.125926
0 0.062963 0.672222 0.118519 0.122222
0 0.183333 0.672222 0.122222 0.122222
0 0.307407 0.675926 0.125926 0.122222
0 0.433333 0.679630 0.125926 0.122222
0 0.557407 0.681481 0.122222 0.118519
0 0.677778 0.679630 0.125926 0.122222
0 0.805556 0.679630 0.122222 0.114815
0 0.931481 0.679630 0.122222 0.122222
0 0.062963 0.798148 0.118519 0.122222
0 0.185185 0.798148 0.125926 0.122222
0 0.311111 0.798148 0.125926 0.122222
0 0.437037 0.803704 0.125926 0.118519
0 0.561111 0.801852 0.122222 0.122222
0 0.683333 0.800000 0.122222 0.125926
0 0.812963 0.801852 0.129630 0.129630
0 0.937037 0.805556 0.125926 0.129630
0 0.061111 0.925926 0.114815 0.118519
0 0.183333 0.924074 0.122222 0.122222
0 0.309259 0.924074 0.122222 0.122222
0 0.435185 0.929630 0.122222 0.118519
0 0.559259 0.924074 0.118519 0.122222
0 0.683333 0.929630 0.122222 0.118519
0 0.811111 0.929630 0.118519 0.118519
0 0.940741 0.931481 0.118519 0.114815
