0 0.202148 0.148429 0.203125 0.201517
0 0.176270 0.373239 0.217773 0.232936
0 0.828125 0.356988 0.218750 0.245937
0 0.192383 0.602925 0.208984 0.224269
0 0.168945 0.849404 0.218750 0.255688
0 0.836914 0.821235 0.236328 0.242687
0 0.401367 0.144637 0.195312 0.204767
0 0.600098 0.137053 0.194336 0.209101
0 0.797852 0.138678 0.199219 0.212351
0 0.613281 0.357530 0.216797 0.236186
0 0.397461 0.367822 0.216797 0.237270
0 0.397949 0.601842 0.202148 0.228602
0 0.604004 0.593716 0.198242 0.227519
0 0.807129 0.589382 0.202148 0.221018
0 0.391602 0.839112 0.222656 0.254605
0 0.617676 0.830986 0.225586 0.253521
