0 0.371667 0.281667 0.121111 0.153333
0 0.485556 0.340833 0.093333 0.115000
0 0.658889 0.315000 0.115556 0.146667
0 0.758889 0.366667 0.106667 0.140000
0 0.855000 0.408333 0.092222 0.120000
0 0.865556 0.553333 0.142222 0.180000
0 0.706111 0.510833 0.152222 0.195000
0 0.577778 0.430000 0.137778 0.180000
0 0.474444 0.540000 0.128889 0.166667
0 0.353889 0.453333 0.116667 0.150000
0 0.237222 0.382500 0.141111 0.178333
0 0.125000 0.453333 0.107778 0.136667
0 0.155000 0.603333 0.132222 0.173333
0 0.282222 0.569167 0.115556 0.148333
0 0.243889 0.715833 0.123333 0.168333
0 0.379444 0.704167 0.143333 0.191667
0 0.511667 0.765000 0.143333 0.196667
0 0.643333 0.754167 0.122222 0.158333
0 0.602222 0.608333 0.102222 0.133333
0 0.735000 0.667500 0.107778 0.141667
0 0.836667 0.706667 0.097778 0.130000
