0 0.106581 0.168455 0.175966 0.255365
0 0.302575 0.163090 0.178827 0.257511
0 0.492132 0.166309 0.171674 0.255365
0 0.683119 0.168455 0.173104 0.251073
0 0.875536 0.163090 0.171674 0.248927
0 0.109442 0.442060 0.173104 0.253219
0 0.300429 0.446352 0.174535 0.248927
0 0.490701 0.446352 0.174535 0.253219
0 0.683834 0.444206 0.174535 0.253219
0 0.875536 0.446352 0.168813 0.253219
0 0.108727 0.724249 0.168813 0.251073
0 0.298999 0.721030 0.174535 0.253219
0 0.490701 0.722103 0.171674 0.255365
0 0.683119 0.721030 0.173104 0.253219
0 0.874106 0.724249 0.171674 0.251073
