2 0.181481 0.203472 0.244444 0.087500
2 0.444444 0.206944 0.277778 0.091667
2 0.706481 0.208333 0.220370 0.088889
2 0.908333 0.309028 0.183333 0.212500
2 0.700000 0.302778 0.233333 0.102778
2 0.444444 0.299306 0.248148 0.095833
2 0.180556 0.295833 0.242593 0.094444
2 0.175926 0.395833 0.240741 0.105556
2 0.426852 0.395139 0.242593 0.090278
2 0.684259 0.409722 0.246296 0.097222
2 0.204630 0.504167 0.279630 0.102778
2 0.488889 0.502778 0.274074 0.108333
2 0.784259 0.518056 0.287037 0.105556
2 0.177778 0.604861 0.288889 0.115278
2 0.473148 0.610417 0.275926 0.106944
2 0.789815 0.618056 0.268519 0.108333
2 0.159259 0.715972 0.274074 0.118056
2 0.463889 0.731944 0.287037 0.119444
2 0.793519 0.733333 0.283333 0.116667
2 0.158333 0.841667 0.301852 0.136111
2 0.473148 0.859722 0.294444 0.127778
2 0.804630 0.868750 0.298148 0.137500
