0 0.165000 0.192453 0.170000 0.366038
0 0.333333 0.186792 0.170000 0.366038
0 0.083333 0.512264 0.165000 0.364151
0 0.249583 0.506604 0.164167 0.364151
0 0.419167 0.503774 0.168333 0.366038
0 0.335833 0.816981 0.165000 0.358491
0 0.171667 0.822642 0.166667 0.354717
0 0.662500 0.805660 0.165000 0.354717
0 0.825833 0.822642 0.165000 0.354717
0 0.674583 0.182075 0.165833 0.360377
0 0.585833 0.486792 0.166667 0.358491
0 0.752083 0.503774 0.167500 0.362264
0 0.842083 0.198113 0.167500 0.369811
0 0.917500 0.521698 0.165000 0.364151
