0 0.076412 0.209877 0.142857 0.207407
0 0.225083 0.209877 0.141196 0.202469
0 0.415282 0.213580 0.149502 0.219753
0 0.566445 0.213580 0.149502 0.219753
0 0.759967 0.216049 0.147841 0.224691
0 0.913621 0.216049 0.159468 0.224691
0 0.080565 0.500000 0.147841 0.219753
0 0.230897 0.500000 0.152824 0.219753
0 0.415282 0.502469 0.149502 0.219753
0 0.564784 0.500000 0.146179 0.219753
0 0.746678 0.514815 0.144518 0.209877
0 0.901993 0.513580 0.149502 0.212346
0 0.079734 0.813580 0.142857 0.209877
0 0.223422 0.814815 0.144518 0.207407
0 0.407807 0.791358 0.151163 0.219753
0 0.558140 0.792593 0.142857 0.217284
0 0.755814 0.809877 0.146179 0.217284
0 0.906977 0.811111 0.146179 0.214815
