0 0.288750 0.351875 0.220833 0.326250
0 0.093333 0.255625 0.181667 0.273750
0 0.210833 0.090000 0.188333 0.177500
0 0.427500 0.126250 0.246667 0.250000
0 0.643333 0.183750 0.211667 0.312500
0 0.848333 0.120000 0.223333 0.237500
0 0.931667 0.330000 0.136667 0.250000
0 0.790417 0.336875 0.150833 0.221250
0 0.667917 0.472500 0.157500 0.227500
0 0.496250 0.399375 0.200833 0.296250
0 0.125833 0.503125 0.148333 0.218750
0 0.023750 0.517500 0.045833 0.192500
0 0.067917 0.711875 0.134167 0.236250
0 0.241250 0.587500 0.112500 0.170000
0 0.376667 0.601250 0.158333 0.237500
0 0.186250 0.681875 0.125833 0.176250
0 0.158750 0.879375 0.150833 0.223750
0 0.278333 0.765625 0.130000 0.203750
0 0.282083 0.950000 0.147500 0.100000
0 0.401250 0.871250 0.152500 0.230000
0 0.521667 0.938125 0.136667 0.123750
0 0.656667 0.937500 0.143333 0.125000
0 0.836667 0.967500 0.118333 0.065000
0 0.717917 0.803750 0.125833 0.192500
0 0.553750 0.706875 0.227500 0.333750
0 0.826250 0.610625 0.212500 0.318750
0 0.921667 0.789375 0.156667 0.233750
0 0.779583 0.870000 0.139167 0.215000
