0 0.044434 0.934245 0.086914 0.131510
0 0.169922 0.934896 0.218750 0.130208
0 0.364258 0.930990 0.212891 0.138021
0 0.555664 0.927734 0.208984 0.144531
0 0.746094 0.925781 0.212891 0.148438
0 0.922852 0.917318 0.154297 0.165365
0 0.914062 0.719401 0.171875 0.259115
0 0.735840 0.725260 0.202148 0.273438
0 0.539551 0.736328 0.206055 0.269531
0 0.351074 0.748698 0.204102 0.281250
0 0.168457 0.746745 0.208008 0.282552
0 0.047852 0.741536 0.093750 0.282552
0 0.054199 0.496094 0.106445 0.250000
0 0.177734 0.489583 0.193359 0.250000
0 0.346680 0.492839 0.175781 0.240885
0 0.522461 0.485026 0.187500 0.248698
0 0.704590 0.486979 0.190430 0.252604
0 0.891113 0.493490 0.206055 0.236979
0 0.866699 0.283854 0.198242 0.221354
0 0.693359 0.268880 0.181641 0.222656
0 0.514648 0.267578 0.187500 0.230469
0 0.344727 0.271484 0.179688 0.214844
0 0.180664 0.267578 0.189453 0.230469
0 0.051270 0.270833 0.100586 0.203125
0 0.055176 0.096354 0.108398 0.171875
0 0.172852 0.097005 0.158203 0.170573
0 0.312988 0.094401 0.141602 0.165365
0 0.448242 0.099609 0.146484 0.178385
0 0.585938 0.100260 0.142578 0.177083
0 0.718262 0.105469 0.135742 0.171875
0 0.856445 0.110677 0.156250 0.161458
