0 0.428750 0.181875 0.157500 0.121250
0 0.612500 0.188750 0.155000 0.115000
0 0.780625 0.246250 0.106250 0.087500
0 0.631250 0.330000 0.165000 0.130000
0 0.773125 0.371250 0.178750 0.145000
0 0.786250 0.496250 0.142500 0.140000
0 0.676875 0.548750 0.201250 0.175000
0 0.700625 0.688750 0.156250 0.162500
0 0.573750 0.718750 0.145000 0.152500
0 0.251875 0.739375 0.211250 0.201250
0 0.168750 0.640625 0.235000 0.213750
0 0.481875 0.598125 0.201250 0.193750
0 0.448125 0.456875 0.218750 0.158750
0 0.410000 0.338750 0.202500 0.142500
0 0.253125 0.419375 0.161250 0.158750
0 0.187500 0.343125 0.165000 0.128750
0 0.286250 0.255000 0.130000 0.100000
