2 0.276316 0.144444 0.085965 0.180247
2 0.381579 0.150617 0.082456 0.197531
2 0.294737 0.392593 0.087719 0.207407
2 0.389474 0.392593 0.087719 0.212346
2 0.321930 0.574074 0.163158 0.135802
2 0.358772 0.656790 0.163158 0.128395
2 0.323684 0.793827 0.173684 0.135802
2 0.358772 0.887654 0.173684 0.130864
2 0.661404 0.883951 0.189474 0.133333
2 0.857895 0.883951 0.189474 0.133333
2 0.632456 0.692593 0.166667 0.120988
2 0.863158 0.703704 0.189474 0.133333
2 0.675439 0.741975 0.171930 0.120988
2 0.881579 0.746914 0.187719 0.135802
2 0.676316 0.570370 0.156140 0.108642
2 0.625439 0.534568 0.156140 0.106173
2 0.891228 0.576543 0.164912 0.116049
2 0.836842 0.550617 0.164912 0.118519
2 0.682456 0.418519 0.140351 0.101235
2 0.621053 0.400000 0.140351 0.098765
2 0.896491 0.433333 0.154386 0.106173
2 0.832456 0.416049 0.156140 0.106173
2 0.851754 0.258025 0.240351 0.165432
2 0.632456 0.123457 0.159649 0.133333
2 0.830702 0.141975 0.240351 0.165432
2 0.651754 0.254321 0.159649 0.138272
