2 0.198163 0.073265 0.391076 0.141388
2 0.565617 0.069409 0.338583 0.133676
2 0.867454 0.056555 0.265092 0.107969
2 0.195538 0.228792 0.385827 0.169666
2 0.544619 0.217224 0.301837 0.151671
2 0.829396 0.214653 0.236220 0.110540
2 0.190289 0.397172 0.349081 0.156812
2 0.522310 0.399743 0.309711 0.161954
2 0.835958 0.394602 0.280840 0.125964
2 0.188976 0.566838 0.372703 0.172237
2 0.531496 0.568123 0.317585 0.159383
2 0.845144 0.553985 0.283465 0.125964
2 0.177165 0.746787 0.349081 0.182519
2 0.543307 0.742931 0.372703 0.169666
2 0.856955 0.736504 0.228346 0.167095
2 0.181102 0.919023 0.356955 0.161954
2 0.531496 0.917738 0.328084 0.164524
2 0.829396 0.920308 0.236220 0.107969
