2 0.251397 0.880000 0.402235 0.168889
2 0.692737 0.884444 0.413408 0.168889
2 0.678771 0.691111 0.385475 0.164444
2 0.270950 0.693333 0.385475 0.151111
2 0.662011 0.515556 0.363128 0.142222
2 0.284916 0.517778 0.357542 0.146667
2 0.293296 0.364444 0.340782 0.133333
2 0.656425 0.362222 0.340782 0.137778
2 0.787709 0.220000 0.290503 0.111111
2 0.469274 0.220000 0.312849 0.128889
2 0.153631 0.222222 0.296089 0.124444
2 0.192737 0.082222 0.262570 0.102222
2 0.474860 0.080000 0.268156 0.106667
2 0.776536 0.080000 0.290503 0.115556
