2 0.195000 0.143333 0.310000 0.153333
2 0.823333 0.801667 0.313333 0.156667
2 0.505000 0.815000 0.270000 0.136667
2 0.188333 0.806667 0.330000 0.166667
2 0.160000 0.630000 0.266667 0.133333
2 0.485000 0.630000 0.330000 0.140000
2 0.830000 0.645000 0.293333 0.136667
2 0.820000 0.481667 0.320000 0.163333
2 0.485000 0.470000 0.316667 0.146667
2 0.165000 0.468333 0.276667 0.136667
2 0.173333 0.313333 0.286667 0.146667
2 0.488333 0.310000 0.303333 0.146667
2 0.815000 0.316667 0.296667 0.153333
2 0.493333 0.125000 0.266667 0.123333
2 0.810000 0.151667 0.320000 0.170000
