2 0.161667 0.775556 0.250000 0.217778
2 0.118333 0.600000 0.156667 0.133333
2 0.118333 0.435556 0.150000 0.160000
2 0.170000 0.226667 0.253333 0.195556
2 0.320000 0.448889 0.220000 0.186667
2 0.418333 0.697778 0.243333 0.240000
2 0.666667 0.684444 0.246667 0.231111
2 0.880000 0.775556 0.166667 0.146667
2 0.875000 0.624444 0.170000 0.128889
2 0.833333 0.446667 0.253333 0.217778
2 0.573333 0.448889 0.260000 0.213333
2 0.410000 0.242222 0.166667 0.146667
2 0.590000 0.248889 0.166667 0.151111
2 0.795000 0.206667 0.230000 0.217778
