1 0.044271 0.183796 0.087500 0.241667
1 0.234635 0.140278 0.214062 0.260185
1 0.483594 0.109259 0.213021 0.216667
1 0.735938 0.086574 0.210417 0.171296
1 0.941927 0.053704 0.116146 0.105556
1 0.058594 0.592593 0.116146 0.257407
1 0.262240 0.545833 0.211979 0.262037
1 0.511458 0.499074 0.213542 0.264815
1 0.761979 0.434722 0.211458 0.263889
1 0.954948 0.415741 0.090104 0.238889
1 0.070833 0.936111 0.140625 0.127778
1 0.289583 0.909722 0.210417 0.180556
1 0.538542 0.881019 0.210417 0.237963
1 0.789583 0.842130 0.211458 0.263889
1 0.968750 0.825000 0.062500 0.229630
