0 0.529375 0.162226 0.110000 0.152753
0 0.372812 0.284784 0.126875 0.144464
0 0.400938 0.436945 0.161875 0.105388
0 0.593750 0.370041 0.160000 0.104204
0 0.673438 0.505033 0.123125 0.149201
0 0.793125 0.580817 0.112500 0.150385
0 0.240313 0.777383 0.160625 0.106572
0 0.365625 0.660746 0.108750 0.149201
0 0.231875 0.573712 0.161250 0.098283
0 0.240937 0.457963 0.128125 0.145056
0 0.471250 0.785080 0.125000 0.145648
0 0.495625 0.548253 0.143750 0.131439
0 0.592812 0.716992 0.108125 0.153937
0 0.645000 0.678212 0.097500 0.132031
0 0.766250 0.757845 0.166250 0.103020
